2 2 2 42 2 2 2 2 2 42 42 42 42 42 42 42 42 42 42 42 42 

2 0 1 0 1 0 0 0 0 0 40 40 40 40 41 43 40 40 43 40 42 

2 0 1 1 1 0 1 0 1 1 41 41 41 41 41 43 41 41 41 41 42 

2 0 1 0 1 0 1 0 1 0 1 40 40 40 40 40 40 40 40 40 42 

2 0 1 0 1 0 1 0 1 0 1 1 41 40 41 41 41 41 41 40 42 

2 0 0 0 0 0 1 0 0 0 1 0 41 40 0 0 0 0 1 0 42 

2 1 1 1 1 3 1 1 1 0 1 1 41 0 1 1 1 1 1 1 2 

42 0 1 0 0 0 1 0 0 0 1 0 0 0 1 0 0 0 0 0 2 

42 40 41 41 41 1 1 0 1 1 1 1 1 0 1 1 1 1 1 0 2 

42 40 41 40 41 0 1 0 0 0 1 0 1 0 0 0 0 0 0 0 2 

42 41 41 40 41 0 1 0 1 0 1 0 1 0 1 0 1 1 1 0 2 

42 40 41 40 40 0 1 0 1 0 0 0 0 0 1 0 1 0 1 0 2 

42 41 41 41 41 40 1 1 1 1 1 1 1 0 1 1 1 1 1 1 2 

42 40 41 40 40 40 40 40 0 0 0 0 1 0 0 0 0 0 0 0 2 

42 40 41 41 41 40 41 41 41 41 41 1 1 1 1 0 1 1 1 0 2 

42 40 41 40 41 40 41 40 41 40 40 40 0 0 1 0 1 0 0 0 2 

42 41 41 40 41 40 41 41 41 40 41 41 41 40 41 0 1 0 1 1 2 

42 40 40 40 40 40 40 40 40 40 41 40 41 43 40 0 1 0 1 0 42 

42 41 41 41 41 41 41 41 41 40 41 41 41 40 41 1 1 0 1 1 42 

42 40 40 40 40 40 40 40 40 40 41 43 40 40 41 0 0 0 0 4 42 

42 42 42 42 42 42 42 42 42 42 42 42 42 42 42 42 2 2 2 42 42 

