2 2 2 42 42 42 42 42 42 42 42 42 42 42 42 42 42 42 42 42 42 

2 0 3 40 40 40 41 40 40 40 40 40 40 40 40 40 41 40 40 40 42 

2 0 1 41 41 40 41 40 41 40 41 40 41 41 41 41 41 40 41 41 42 

2 0 1 40 41 40 40 40 41 40 41 40 40 40 41 40 40 43 40 40 42 

2 1 1 40 41 40 41 41 41 41 41 41 41 40 41 40 41 41 41 41 42 

42 43 41 40 40 40 41 40 40 40 40 40 41 40 41 40 40 40 40 40 42 

42 40 41 41 41 41 41 41 41 41 41 40 41 40 41 40 41 41 41 41 42 

42 40 40 40 40 40 40 40 41 40 40 40 41 43 40 40 40 40 40 40 42 

42 40 41 41 41 40 41 40 41 40 41 40 41 40 41 41 41 41 41 40 42 

42 40 40 40 41 40 41 40 41 40 41 40 40 40 40 40 41 40 41 40 42 

42 40 41 41 41 41 41 41 41 40 41 41 41 40 41 41 41 40 41 40 42 

42 40 40 40 40 40 40 40 40 40 40 40 41 40 41 40 40 40 40 40 42 

42 40 41 40 41 40 41 41 41 40 41 41 41 41 41 41 41 41 41 40 42 

42 40 41 40 41 40 40 40 41 43 40 40 40 40 41 40 40 40 40 40 42 

42 43 41 41 41 40 41 41 41 40 41 40 41 40 41 41 41 41 41 41 42 

42 40 41 40 40 40 41 40 41 40 41 40 41 40 40 40 40 40 40 40 42 

42 40 41 41 41 41 41 40 41 40 41 40 41 41 41 40 41 41 41 41 42 

42 40 41 40 40 40 40 40 40 40 41 43 41 40 40 40 40 40 40 40 42 

42 41 41 41 41 41 41 41 41 41 41 41 41 41 41 40 41 41 41 40 42 

42 40 41 40 40 40 41 40 40 40 40 40 40 40 40 40 41 40 40 44 42 

42 42 42 42 42 42 42 42 42 42 42 42 42 42 42 42 42 42 42 42 42 

